999
FreeCAD v1.1 44987 (Git)
  0
SECTION
  2
HEADER
  9
$ACADVER
  1
AC1014
  9
$ACADMAINTVER
 70
     9
  9
$DWGCODEPAGE
  3
ANSI_1252
  9
$TEXTSTYLE
  7
STANDARD
  9
$DIMSTYLE
  2
STANDARD
  9
$DIMTXSTY
  7
STANDARD
  9
$CMLSTYLE
  2
STANDARD
  9
$LUNITS
 70
2
  9
$INSUNITS
 70
4
  9
$PEXTMAX
 10
50
 20
50
 30
50
  9
$PEXTMIN
 10
0
 20
0
 30
0
  9
$HANDSEED
  5
FFFF
  0
ENDSEC
  0
SECTION
  2
CLASSES
  0
CLASS
  1
ACDBDICTIONARYWDFLT
  2
AcDbDictionaryWithDefault
  3
ObjectDBX Classes
 90
        0
280
     0
281
     0
  0
CLASS
  1
XRECORD
  2
AcDbXrecord
  3
ObjectDBX Classes
 90
        0
280
     0
281
     0
  0
CLASS
  1
LWPOLYLINE
  2
AcDbPolyline
  3
ObjectDBX Classes
 90
        0
280
     0
281
     1
  0
ENDSEC
  0
SECTION
  2
TABLES
  0
TABLE
  2
VPORT
  5
20
330
0
100
AcDbSymbolTable
 70
     1
  0
VPORT
  5
21
330
20
100
AcDbSymbolTableRecord
100
AcDbViewportTableRecord
  2
*ACTIVE
 70
     0
  0
ENDTAB
  0
TABLE
  2
LTYPE
  5
22
330
0
100
AcDbSymbolTable
 70
     1
  0
LTYPE
  5
23
330
21
100
AcDbSymbolTableRecord
100
AcDbLinetypeTableRecord
  2
BYBLOCK
 70
     0
  3

 72
    65
 73
     0
 40
0.0
  0
LTYPE
  5
24
330
21
100
AcDbSymbolTableRecord
100
AcDbLinetypeTableRecord
  2
BYLAYER
 70
     0
  3

 72
    65
 73
     0
 40
0.0
  0
LTYPE
  5
25
330
21
100
AcDbSymbolTableRecord
100
AcDbLinetypeTableRecord
  2
CONTINUOUS
 70
     0
  3
Solid line
 72
    65
 73
     0
 40
0.0
  0
ENDTAB
  0
TABLE
  2
LAYER
  5
B54
330
0
100
AcDbSymbolTable
 70
11
  0
LAYER
  5
B55
330
B54
100
AcDbSymbolTableRecord
100
AcDbLayerTableRecord
  2
0
 70
   0
 62
   7
  6
CONTINUOUS
  0
LAYER
  5
B56
330
B54
100
AcDbSymbolTableRecord
100
AcDbLayerTableRecord
  2
View
 70
    0
 62
    7
  6
CONTINUOUS
  0
LAYER
  5
B57
330
B54
100
AcDbSymbolTableRecord
100
AcDbLayerTableRecord
  2
ProjItem
 70
    0
 62
    7
  6
CONTINUOUS
  0
LAYER
  5
B58
330
B54
100
AcDbSymbolTableRecord
100
AcDbLayerTableRecord
  2
ProjItem001
 70
    0
 62
    7
  6
CONTINUOUS
  0
LAYER
  5
B59
330
B54
100
AcDbSymbolTableRecord
100
AcDbLayerTableRecord
  2
ProjItem002
 70
    0
 62
    7
  6
CONTINUOUS
  0
LAYER
  5
B5A
330
B54
100
AcDbSymbolTableRecord
100
AcDbLayerTableRecord
  2
ProjItem003
 70
    0
 62
    7
  6
CONTINUOUS
  0
LAYER
  5
B5B
330
B54
100
AcDbSymbolTableRecord
100
AcDbLayerTableRecord
  2
ProjItem004
 70
    0
 62
    7
  6
CONTINUOUS
  0
LAYER
  5
B5C
330
B54
100
AcDbSymbolTableRecord
100
AcDbLayerTableRecord
  2
ProjItem005
 70
    0
 62
    7
  6
CONTINUOUS
  0
LAYER
  5
B5D
330
B54
100
AcDbSymbolTableRecord
100
AcDbLayerTableRecord
  2
ProjItem006
 70
    0
 62
    7
  6
CONTINUOUS
  0
LAYER
  5
B5E
330
B54
100
AcDbSymbolTableRecord
100
AcDbLayerTableRecord
  2
ProjItem007
 70
    0
 62
    7
  6
CONTINUOUS
  0
LAYER
  5
B5F
330
B54
100
AcDbSymbolTableRecord
100
AcDbLayerTableRecord
  2
ProjItem008
 70
    0
 62
    7
  6
CONTINUOUS
  0
ENDTAB
  0
TABLE
  2
STYLE
  5
70
330
0
100
AcDbSymbolTable
 70
     2
  0
STYLE
  5
71
330
70
100
AcDbSymbolTableRecord
100
AcDbTextStyleTableRecord
  2
STANDARD
 70
     0
 40
0.0
 41
1.0
 50
0.0
 71
     0
 42
2.5
  3
arial.ttf
  4

  0
STYLE
  5
72
330
70
100
AcDbSymbolTableRecord
100
AcDbTextStyleTableRecord
  2
ANNOTATIVE
 70
     0
 40
0.0
 41
1.0
 50
0.0
 71
     0
 42
2.5
  3
arial.ttf
  4

  0
ENDTAB
  0
TABLE
  2
VIEW
  5
73
330
0
100
AcDbSymbolTable
 70
     0
  0
ENDTAB
  0
TABLE
  2
UCS
  5
74
330
0
100
AcDbSymbolTable
 70
     0
  0
ENDTAB
  0
TABLE
  2
APPID
  5
75
330
0
100
AcDbSymbolTable
 70
     2
  0
APPID
  5
76
330
75
100
AcDbSymbolTableRecord
100
AcDbRegAppTableRecord
  2
ACAD
 70
     0
  0
APPID
  5
77
330
75
100
AcDbSymbolTableRecord
100
AcDbRegAppTableRecord
  2
ACADANNOTATIVE
 70
     0
  0
ENDTAB
  0
TABLE
  2
DIMSTYLE
  5
78
330
0
100
AcDbSymbolTable
 70
     2
  0
DIMSTYLE
105
79
330
78
100
AcDbSymbolTableRecord
100
AcDbDimStyleTableRecord
  2
STANDARD
 70
     0
  3

  4

  5

  6

  7

 40
0.0
 41
2.5
 42
0.625
 43
3.75
 44
1.25
 45
0.0
 46
0.0
 47
0.0
 48
0.0
140
2.5
141
2.5
142
0.0
143
0.03937007874016
144
1.0
145
0.0
146
1.0
147
0.625
 71
     0
 72
     0
 73
     0
 74
     0
 75
     0
 76
     0
 77
     1
 78
     8
170
     0
171
     3
172
     1
173
     0
174
     0
175
     0
176
     0
177
     0
178
     0
270
     2
271
     2
272
     2
273
     2
274
     3
340
71
275
     0
280
     0
281
     0
282
     0
283
     0
284
     8
285
     0
286
     0
287
     3
288
     0
  0
ENDTAB
  0
TABLE
  2
BLOCK_RECORD
  5
A01
330
0
100
AcDbSymbolTable
  70
5
  0
BLOCK_RECORD
  5
A02
330
A01
100
AcDbSymbolTableRecord
100
AcDbBlockTableRecord
  2
*MODEL_SPACE
  0
BLOCK_RECORD
  5
A03
330
A01
100
AcDbSymbolTableRecord
100
AcDbBlockTableRecord
  2
*PAPER_SPACE
  0
ENDTAB
  0
ENDSEC
  0
SECTION
  2
BLOCKS
  0
BLOCK
  5
A04
330
A02
100
AcDbEntity
  8
0
100
AcDbBlockBegin
  2
*MODEL_SPACE
 70
   0
 10
0
 20
0
 30
0
  3
*MODEL_SPACE
  1
 
  0
ENDBLK
  5
A05
330
A02
100
AcDbEntity
  8
0
100
AcDbBlockEnd
  0
BLOCK
  5
A06
330
A03
100
AcDbEntity
 67
1
  8
0
100
AcDbBlockBegin
  2
*PAPER_SPACE
 70
   0
 10
0
 20
0
 30
0
  3
*PAPER_SPACE
  1
 
  0
ENDBLK
  5
A07
330
A03
100
AcDbEntity
 67
    1
  8
0
100
AcDbBlockEnd
  0
ENDSEC
  0
SECTION
  2
ENTITIES
  0
LINE
  5
A08
330
A02
100
AcDbEntity
  8
View
100
AcDbLine
 10
137.837500000
 20
93.375000000
 30
0.000000000
 11
137.837500000
 21
93.875000000
 31
0.000000000
  0
LINE
  5
A09
330
A02
100
AcDbEntity
  8
View
100
AcDbLine
 10
159.162500000
 20
93.375000000
 30
0.000000000
 11
159.162500000
 21
93.875000000
 31
0.000000000
  0
LINE
  5
A0A
330
A02
100
AcDbEntity
  8
View
100
AcDbLine
 10
137.837500000
 20
93.375000000
 30
0.000000000
 11
159.162500000
 21
93.375000000
 31
0.000000000
  0
LINE
  5
A0B
330
A02
100
AcDbEntity
  8
View
100
AcDbLine
 10
137.837500000
 20
93.875000000
 30
0.000000000
 11
159.162500000
 21
93.875000000
 31
0.000000000
  0
LINE
  5
A0C
330
A02
100
AcDbEntity
  8
View
100
AcDbLine
 10
159.162500000
 20
121.875000000
 30
0.000000000
 11
159.662500000
 21
121.875000000
 31
0.000000000
  0
LINE
  5
A0D
330
A02
100
AcDbEntity
  8
View
100
AcDbLine
 10
159.162500000
 20
88.125000000
 30
0.000000000
 11
159.662500000
 21
88.125000000
 31
0.000000000
  0
LINE
  5
A0E
330
A02
100
AcDbEntity
  8
View
100
AcDbLine
 10
159.662500000
 20
121.875000000
 30
0.000000000
 11
159.662500000
 21
88.125000000
 31
0.000000000
  0
LINE
  5
A0F
330
A02
100
AcDbEntity
  8
View
100
AcDbLine
 10
159.162500000
 20
121.875000000
 30
0.000000000
 11
159.162500000
 21
88.125000000
 31
0.000000000
  0
LINE
  5
A10
330
A02
100
AcDbEntity
  8
View
100
AcDbLine
 10
137.337500000
 20
88.125000000
 30
0.000000000
 11
137.837500000
 21
88.125000000
 31
0.000000000
  0
LINE
  5
A11
330
A02
100
AcDbEntity
  8
View
100
AcDbLine
 10
137.337500000
 20
121.875000000
 30
0.000000000
 11
137.837500000
 21
121.875000000
 31
0.000000000
  0
LINE
  5
A12
330
A02
100
AcDbEntity
  8
View
100
AcDbLine
 10
137.337500000
 20
121.875000000
 30
0.000000000
 11
137.337500000
 21
88.125000000
 31
0.000000000
  0
LINE
  5
A13
330
A02
100
AcDbEntity
  8
View
100
AcDbLine
 10
137.837500000
 20
121.875000000
 30
0.000000000
 11
137.837500000
 21
88.125000000
 31
0.000000000
  0
LINE
  5
A14
330
A02
100
AcDbEntity
  8
View
100
AcDbLine
 10
137.837500000
 20
121.375000000
 30
0.000000000
 11
137.837500000
 21
121.875000000
 31
0.000000000
  0
LINE
  5
A15
330
A02
100
AcDbEntity
  8
View
100
AcDbLine
 10
159.162500000
 20
121.375000000
 30
0.000000000
 11
159.162500000
 21
121.875000000
 31
0.000000000
  0
LINE
  5
A16
330
A02
100
AcDbEntity
  8
View
100
AcDbLine
 10
137.837500000
 20
121.375000000
 30
0.000000000
 11
159.162500000
 21
121.375000000
 31
0.000000000
  0
LINE
  5
A17
330
A02
100
AcDbEntity
  8
View
100
AcDbLine
 10
137.837500000
 20
121.875000000
 30
0.000000000
 11
159.162500000
 21
121.875000000
 31
0.000000000
  0
LINE
  5
A18
330
A02
100
AcDbEntity
  8
View
100
AcDbLine
 10
137.837500000
 20
88.125000000
 30
0.000000000
 11
137.837500000
 21
88.625000000
 31
0.000000000
  0
LINE
  5
A19
330
A02
100
AcDbEntity
  8
View
100
AcDbLine
 10
159.162500000
 20
88.125000000
 30
0.000000000
 11
159.162500000
 21
88.625000000
 31
0.000000000
  0
LINE
  5
A1A
330
A02
100
AcDbEntity
  8
View
100
AcDbLine
 10
137.837500000
 20
88.125000000
 30
0.000000000
 11
159.162500000
 21
88.125000000
 31
0.000000000
  0
LINE
  5
A1B
330
A02
100
AcDbEntity
  8
View
100
AcDbLine
 10
137.837500000
 20
88.625000000
 30
0.000000000
 11
159.162500000
 21
88.625000000
 31
0.000000000
  0
LINE
  5
A1C
330
A02
100
AcDbEntity
  8
View
100
AcDbLine
 10
137.837500000
 20
100.425000000
 30
0.000000000
 11
137.837500000
 21
100.925000000
 31
0.000000000
  0
LINE
  5
A1D
330
A02
100
AcDbEntity
  8
View
100
AcDbLine
 10
159.162500000
 20
100.425000000
 30
0.000000000
 11
159.162500000
 21
100.925000000
 31
0.000000000
  0
LINE
  5
A1E
330
A02
100
AcDbEntity
  8
View
100
AcDbLine
 10
137.837500000
 20
100.425000000
 30
0.000000000
 11
159.162500000
 21
100.425000000
 31
0.000000000
  0
LINE
  5
A1F
330
A02
100
AcDbEntity
  8
View
100
AcDbLine
 10
137.837500000
 20
100.925000000
 30
0.000000000
 11
159.162500000
 21
100.925000000
 31
0.000000000
  0
LINE
  5
A20
330
A02
100
AcDbEntity
  8
ProjItem
100
AcDbLine
 10
95.361376298
 20
148.030384537
 30
0.000000000
 11
95.361376298
 21
148.438632827
 31
0.000000000
  0
LINE
  5
A21
330
A02
100
AcDbEntity
  8
ProjItem
100
AcDbLine
 10
98.720133508
 20
146.091205157
 30
0.000000000
 11
95.361376298
 21
148.030384537
 31
0.000000000
  0
LINE
  5
A22
330
A02
100
AcDbEntity
  8
ProjItem
100
AcDbLine
 10
110.440428407
 20
156.736279331
 30
0.000000000
 11
110.440428407
 21
157.144527622
 31
0.000000000
  0
LINE
  5
A23
330
A02
100
AcDbEntity
  8
ProjItem
100
AcDbLine
 10
95.361376298
 20
148.030384537
 30
0.000000000
 11
110.440428407
 21
156.736279331
 31
0.000000000
  0
LINE
  5
A24
330
A02
100
AcDbEntity
  8
ProjItem
100
AcDbLine
 10
95.361376298
 20
148.438632827
 30
0.000000000
 11
110.440428407
 21
157.144527622
 31
0.000000000
  0
LINE
  5
A25
330
A02
100
AcDbEntity
  8
ProjItem
100
AcDbLine
 10
106.551341110
 20
136.875000000
 30
0.000000000
 11
106.197787719
 21
137.079124145
 31
0.000000000
  0
LINE
  5
A26
330
A02
100
AcDbEntity
  8
ProjItem
100
AcDbLine
 10
122.337500000
 20
145.989143085
 30
0.000000000
 11
121.983946609
 21
146.193267230
 31
0.000000000
  0
LINE
  5
A27
330
A02
100
AcDbEntity
  8
ProjItem
100
AcDbLine
 10
106.551341110
 20
136.875000000
 30
0.000000000
 11
122.337500000
 21
145.989143085
 31
0.000000000
  0
LINE
  5
A28
330
A02
100
AcDbEntity
  8
ProjItem
100
AcDbLine
 10
106.197787719
 20
137.079124145
 30
0.000000000
 11
121.983946609
 21
146.193267230
 31
0.000000000
  0
LINE
  5
A29
330
A02
100
AcDbEntity
  8
ProjItem
100
AcDbLine
 10
122.337500000
 20
173.545902691
 30
0.000000000
 11
121.983946609
 21
173.750026836
 31
0.000000000
  0
LINE
  5
A2A
330
A02
100
AcDbEntity
  8
ProjItem
100
AcDbLine
 10
122.337500000
 20
145.989143085
 30
0.000000000
 11
122.337500000
 21
173.545902691
 31
0.000000000
  0
LINE
  5
A2B
330
A02
100
AcDbEntity
  8
ProjItem
100
AcDbLine
 10
121.983946609
 20
146.193267230
 30
0.000000000
 11
121.983946609
 21
173.750026836
 31
0.000000000
  0
LINE
  5
A2C
330
A02
100
AcDbEntity
  8
ProjItem
100
AcDbLine
 10
106.551341110
 20
136.875000000
 30
0.000000000
 11
106.197787719
 21
137.079124145
 31
0.000000000
  0
LINE
  5
A2D
330
A02
100
AcDbEntity
  8
ProjItem
100
AcDbLine
 10
122.337500000
 20
173.545902691
 30
0.000000000
 11
110.793981797
 21
180.210556033
 31
0.000000000
  0
LINE
  5
A2E
330
A02
100
AcDbEntity
  8
ProjItem
100
AcDbLine
 10
110.440428407
 20
180.006431888
 30
0.000000000
 11
110.793981797
 21
180.210556033
 31
0.000000000
  0
LINE
  5
A2F
330
A02
100
AcDbEntity
  8
ProjItem
100
AcDbLine
 10
106.551341110
 20
136.875000000
 30
0.000000000
 11
122.337500000
 21
145.989143085
 31
0.000000000
  0
LINE
  5
A30
330
A02
100
AcDbEntity
  8
ProjItem
100
AcDbLine
 10
122.337500000
 20
145.989143085
 30
0.000000000
 11
110.793981797
 21
152.653796426
 31
0.000000000
  0
LINE
  5
A31
330
A02
100
AcDbEntity
  8
ProjItem
100
AcDbLine
 10
110.440428407
 20
152.449672281
 30
0.000000000
 11
110.793981797
 21
152.653796426
 31
0.000000000
  0
LINE
  5
A32
330
A02
100
AcDbEntity
  8
ProjItem
100
AcDbLine
 10
110.440428407
 20
152.449672281
 30
0.000000000
 11
121.630393219
 21
145.989143085
 31
0.000000000
  0
LINE
  5
A33
330
A02
100
AcDbEntity
  8
ProjItem
100
AcDbLine
 10
106.197787719
 20
137.079124145
 30
0.000000000
 11
121.630393219
 21
145.989143085
 31
0.000000000
  0
LINE
  5
A34
330
A02
100
AcDbEntity
  8
ProjItem
100
AcDbLine
 10
122.337500000
 20
145.989143085
 30
0.000000000
 11
122.337500000
 21
173.545902691
 31
0.000000000
  0
LINE
  5
A35
330
A02
100
AcDbEntity
  8
ProjItem
100
AcDbLine
 10
110.793981797
 20
180.210556033
 30
0.000000000
 11
110.793981797
 21
152.653796426
 31
0.000000000
  0
ELLIPSE
  5
A36
330
A02
100
AcDbEntity
  8
ProjItem
100
AcDbEllipse
 10
116.742517594
 20
151.770959498
 30
0.000000000
 11
0.625000000
 21
-1.082531755
 31
0.000000000
 40
0.577350269
 41
0.785398163
 42
3.141592654
  0
ELLIPSE
  5
A37
330
A02
100
AcDbEntity
  8
ProjItem
100
AcDbEllipse
 10
116.742517594
 20
151.770959498
 30
0.000000000
 11
0.625000000
 21
-1.082531755
 31
0.000000000
 40
0.577350269
 41
3.141592654
 42
0.000000000
  0
ELLIPSE
  5
A38
330
A02
100
AcDbEntity
  8
ProjItem
100
AcDbEllipse
 10
116.742517594
 20
151.770959498
 30
0.000000000
 11
0.625000000
 21
-1.082531755
 31
0.000000000
 40
0.577350269
 41
0.000000000
 42
0.785398163
  0
ELLIPSE
  5
A39
330
A02
100
AcDbEntity
  8
ProjItem
100
AcDbEllipse
 10
116.742517594
 20
156.363752766
 30
0.000000000
 11
0.625000000
 21
-1.082531755
 31
0.000000000
 40
0.577350269
 41
0.785398163
 42
3.141592654
  0
ELLIPSE
  5
A3A
330
A02
100
AcDbEntity
  8
ProjItem
100
AcDbEllipse
 10
116.742517594
 20
156.363752766
 30
0.000000000
 11
0.625000000
 21
-1.082531755
 31
0.000000000
 40
0.577350269
 41
3.141592654
 42
0.000000000
  0
ELLIPSE
  5
A3B
330
A02
100
AcDbEntity
  8
ProjItem
100
AcDbEllipse
 10
116.742517594
 20
156.363752766
 30
0.000000000
 11
0.625000000
 21
-1.082531755
 31
0.000000000
 40
0.577350269
 41
0.000000000
 42
0.785398163
  0
ELLIPSE
  5
A3C
330
A02
100
AcDbEntity
  8
ProjItem
100
AcDbEllipse
 10
116.742517594
 20
169.631822206
 30
0.000000000
 11
0.625000000
 21
-1.082531755
 31
0.000000000
 40
0.577350269
 41
0.785398163
 42
3.141592654
  0
ELLIPSE
  5
A3D
330
A02
100
AcDbEntity
  8
ProjItem
100
AcDbEllipse
 10
116.742517594
 20
169.631822206
 30
0.000000000
 11
0.625000000
 21
-1.082531755
 31
0.000000000
 40
0.577350269
 41
3.141592654
 42
0.000000000
  0
ELLIPSE
  5
A3E
330
A02
100
AcDbEntity
  8
ProjItem
100
AcDbEllipse
 10
116.742517594
 20
169.631822206
 30
0.000000000
 11
0.625000000
 21
-1.082531755
 31
0.000000000
 40
0.577350269
 41
0.000000000
 42
0.785398163
  0
LINE
  5
A3F
330
A02
100
AcDbEntity
  8
ProjItem
100
AcDbLine
 10
110.440428407
 20
180.006431888
 30
0.000000000
 11
110.440428407
 21
152.449672281
 31
0.000000000
  0
ELLIPSE
  5
A40
330
A02
100
AcDbEntity
  8
ProjItem
100
AcDbEllipse
 10
116.388964203
 20
151.566835353
 30
0.000000000
 11
0.625000000
 21
-1.082531755
 31
0.000000000
 40
0.577350269
 41
0.785398163
 42
2.854836101
  0
ELLIPSE
  5
A41
330
A02
100
AcDbEntity
  8
ProjItem
100
AcDbEllipse
 10
116.388964203
 20
151.566835353
 30
0.000000000
 11
0.625000000
 21
-1.082531755
 31
0.000000000
 40
0.577350269
 41
0.286756552
 42
0.785398163
  0
ELLIPSE
  5
A42
330
A02
100
AcDbEntity
  8
ProjItem
100
AcDbEllipse
 10
116.388964203
 20
156.159628621
 30
0.000000000
 11
0.625000000
 21
-1.082531755
 31
0.000000000
 40
0.577350269
 41
0.785398163
 42
2.854836101
  0
ELLIPSE
  5
A43
330
A02
100
AcDbEntity
  8
ProjItem
100
AcDbEllipse
 10
116.388964203
 20
156.159628621
 30
0.000000000
 11
0.625000000
 21
-1.082531755
 31
0.000000000
 40
0.577350269
 41
0.286756552
 42
0.785398163
  0
ELLIPSE
  5
A44
330
A02
100
AcDbEntity
  8
ProjItem
100
AcDbEllipse
 10
116.388964203
 20
169.427698061
 30
0.000000000
 11
0.625000000
 21
-1.082531755
 31
0.000000000
 40
0.577350269
 41
0.785398163
 42
2.854836101
  0
ELLIPSE
  5
A45
330
A02
100
AcDbEntity
  8
ProjItem
100
AcDbEllipse
 10
116.388964203
 20
169.427698061
 30
0.000000000
 11
0.625000000
 21
-1.082531755
 31
0.000000000
 40
0.577350269
 41
0.286756552
 42
0.785398163
  0
LINE
  5
A46
330
A02
100
AcDbEntity
  8
ProjItem
100
AcDbLine
 10
95.007822907
 20
143.539653342
 30
0.000000000
 11
95.361376298
 21
143.743777487
 31
0.000000000
  0
LINE
  5
A47
330
A02
100
AcDbEntity
  8
ProjItem
100
AcDbLine
 10
106.197787719
 20
137.079124145
 30
0.000000000
 11
106.551341110
 21
137.283248290
 31
0.000000000
  0
LINE
  5
A48
330
A02
100
AcDbEntity
  8
ProjItem
100
AcDbLine
 10
95.007822907
 20
143.539653342
 30
0.000000000
 11
106.197787719
 21
137.079124145
 31
0.000000000
  0
LINE
  5
A49
330
A02
100
AcDbEntity
  8
ProjItem
100
AcDbLine
 10
95.361376298
 20
143.743777487
 30
0.000000000
 11
106.551341110
 21
137.283248290
 31
0.000000000
  0
LINE
  5
A4A
330
A02
100
AcDbEntity
  8
ProjItem
100
AcDbLine
 10
106.551341110
 20
160.655462920
 30
0.000000000
 11
106.551341110
 21
164.431759606
 31
0.000000000
  0
LINE
  5
A4B
330
A02
100
AcDbEntity
  8
ProjItem
100
AcDbLine
 10
95.007822907
 20
171.096412948
 30
0.000000000
 11
95.361376298
 21
171.300537093
 31
0.000000000
  0
LINE
  5
A4C
330
A02
100
AcDbEntity
  8
ProjItem
100
AcDbLine
 10
95.007822907
 20
171.096412948
 30
0.000000000
 11
95.007822907
 21
143.539653342
 31
0.000000000
  0
LINE
  5
A4D
330
A02
100
AcDbEntity
  8
ProjItem
100
AcDbLine
 10
95.361376298
 20
171.300537093
 30
0.000000000
 11
95.361376298
 21
143.743777487
 31
0.000000000
  0
LINE
  5
A4E
330
A02
100
AcDbEntity
  8
ProjItem
100
AcDbLine
 10
95.361376298
 20
170.892288803
 30
0.000000000
 11
95.361376298
 21
171.300537093
 31
0.000000000
  0
LINE
  5
A4F
330
A02
100
AcDbEntity
  8
ProjItem
100
AcDbLine
 10
106.551341110
 20
164.431759606
 30
0.000000000
 11
95.361376298
 21
170.892288803
 31
0.000000000
  0
LINE
  5
A50
330
A02
100
AcDbEntity
  8
ProjItem
100
AcDbLine
 10
110.440428407
 20
179.598183597
 30
0.000000000
 11
110.440428407
 21
180.006431888
 31
0.000000000
  0
LINE
  5
A51
330
A02
100
AcDbEntity
  8
ProjItem
100
AcDbLine
 10
95.361376298
 20
170.892288803
 30
0.000000000
 11
110.440428407
 21
179.598183597
 31
0.000000000
  0
LINE
  5
A52
330
A02
100
AcDbEntity
  8
ProjItem
100
AcDbLine
 10
95.361376298
 20
171.300537093
 30
0.000000000
 11
110.440428407
 21
180.006431888
 31
0.000000000
  0
LINE
  5
A53
330
A02
100
AcDbEntity
  8
ProjItem
100
AcDbLine
 10
116.643271468
 20
170.258338315
 30
0.000000000
 11
115.896008400
 21
169.826905782
 31
0.000000000
  0
LINE
  5
A54
330
A02
100
AcDbEntity
  8
ProjItem
100
AcDbLine
 10
110.440428407
 20
166.677125204
 30
0.000000000
 11
106.551341110
 21
164.431759606
 31
0.000000000
  0
LINE
  5
A55
330
A02
100
AcDbEntity
  8
ProjItem
100
AcDbLine
 10
95.361376298
 20
143.743777487
 30
0.000000000
 11
95.361376298
 21
144.152025778
 31
0.000000000
  0
LINE
  5
A56
330
A02
100
AcDbEntity
  8
ProjItem
100
AcDbLine
 10
106.551341110
 20
137.283248290
 30
0.000000000
 11
95.361376298
 21
143.743777487
 31
0.000000000
  0
LINE
  5
A57
330
A02
100
AcDbEntity
  8
ProjItem
100
AcDbLine
 10
110.440428407
 20
152.449672281
 30
0.000000000
 11
110.440428407
 21
152.857920572
 31
0.000000000
  0
LINE
  5
A58
330
A02
100
AcDbEntity
  8
ProjItem
100
AcDbLine
 10
95.361376298
 20
143.743777487
 30
0.000000000
 11
110.440428407
 21
152.449672281
 31
0.000000000
  0
LINE
  5
A59
330
A02
100
AcDbEntity
  8
ProjItem
100
AcDbLine
 10
95.361376298
 20
144.152025778
 30
0.000000000
 11
110.440428407
 21
152.857920572
 31
0.000000000
  0
LINE
  5
A5A
330
A02
100
AcDbEntity
  8
ProjItem
100
AcDbLine
 10
110.440428407
 20
152.449672281
 30
0.000000000
 11
121.630393219
 21
145.989143085
 31
0.000000000
  0
LINE
  5
A5B
330
A02
100
AcDbEntity
  8
ProjItem
100
AcDbLine
 10
121.630393219
 20
145.989143085
 30
0.000000000
 11
106.551341110
 21
137.283248290
 31
0.000000000
  0
LINE
  5
A5C
330
A02
100
AcDbEntity
  8
ProjItem
100
AcDbLine
 10
95.361376298
 20
153.786685432
 30
0.000000000
 11
95.361376298
 21
154.194933723
 31
0.000000000
  0
LINE
  5
A5D
330
A02
100
AcDbEntity
  8
ProjItem
100
AcDbLine
 10
99.992925715
 20
151.112659130
 30
0.000000000
 11
95.361376298
 21
153.786685432
 31
0.000000000
  0
LINE
  5
A5E
330
A02
100
AcDbEntity
  8
ProjItem
100
AcDbLine
 10
110.440428407
 20
162.492580227
 30
0.000000000
 11
110.440428407
 21
162.900828517
 31
0.000000000
  0
LINE
  5
A5F
330
A02
100
AcDbEntity
  8
ProjItem
100
AcDbLine
 10
95.361376298
 20
153.786685432
 30
0.000000000
 11
110.440428407
 21
162.492580227
 31
0.000000000
  0
LINE
  5
A60
330
A02
100
AcDbEntity
  8
ProjItem
100
AcDbLine
 10
95.361376298
 20
154.194933723
 30
0.000000000
 11
110.440428407
 21
162.900828517
 31
0.000000000
  0
LINE
  5
A61
330
A02
100
AcDbEntity
  8
ProjItem001
100
AcDbLine
 10
116.835161454
 20
88.125000000
 30
0.000000000
 11
116.335161454
 21
88.125000000
 31
0.000000000
  0
LINE
  5
A62
330
A02
100
AcDbEntity
  8
ProjItem001
100
AcDbLine
 10
116.835161454
 20
121.875000000
 30
0.000000000
 11
116.335161454
 21
121.875000000
 31
0.000000000
  0
LINE
  5
A63
330
A02
100
AcDbEntity
  8
ProjItem001
100
AcDbLine
 10
116.835161454
 20
88.125000000
 30
0.000000000
 11
116.835161454
 21
121.875000000
 31
0.000000000
  0
LINE
  5
A64
330
A02
100
AcDbEntity
  8
ProjItem001
100
AcDbLine
 10
116.335161454
 20
88.125000000
 30
0.000000000
 11
116.335161454
 21
121.875000000
 31
0.000000000
  0
LINE
  5
A65
330
A02
100
AcDbEntity
  8
ProjItem001
100
AcDbLine
 10
116.835161454
 20
121.875000000
 30
0.000000000
 11
100.510161454
 21
121.875000000
 31
0.000000000
  0
LINE
  5
A66
330
A02
100
AcDbEntity
  8
ProjItem001
100
AcDbLine
 10
116.835161454
 20
88.125000000
 30
0.000000000
 11
100.510161454
 21
88.125000000
 31
0.000000000
  0
LINE
  5
A67
330
A02
100
AcDbEntity
  8
ProjItem001
100
AcDbLine
 10
116.835161454
 20
88.125000000
 30
0.000000000
 11
116.835161454
 21
121.875000000
 31
0.000000000
  0
LINE
  5
A68
330
A02
100
AcDbEntity
  8
ProjItem001
100
AcDbLine
 10
100.510161454
 20
121.875000000
 30
0.000000000
 11
100.510161454
 21
88.125000000
 31
0.000000000
  0
CIRCLE
  5
A69
330
A02
100
AcDbEntity
  8
ProjItem001
100
AcDbCircle
 10
108.922661454
 20
91.250000000
 30
0.000000000
 40
1.250000000
  0
CIRCLE
  5
A6A
330
A02
100
AcDbEntity
  8
ProjItem001
100
AcDbCircle
 10
108.922661454
 20
96.875000000
 30
0.000000000
 40
1.250000000
  0
CIRCLE
  5
A6B
330
A02
100
AcDbEntity
  8
ProjItem001
100
AcDbCircle
 10
108.922661454
 20
113.125000000
 30
0.000000000
 40
1.250000000
  0
LINE
  5
A6C
330
A02
100
AcDbEntity
  8
ProjItem002
100
AcDbLine
 10
95.361376298
 20
42.986069957
 30
0.000000000
 11
95.361376298
 21
43.394318247
 31
0.000000000
  0
LINE
  5
A6D
330
A02
100
AcDbEntity
  8
ProjItem002
100
AcDbLine
 10
99.992925715
 20
46.068344550
 30
0.000000000
 11
95.361376298
 21
43.394318247
 31
0.000000000
  0
LINE
  5
A6E
330
A02
100
AcDbEntity
  8
ProjItem002
100
AcDbLine
 10
110.440428407
 20
34.280175162
 30
0.000000000
 11
110.440428407
 21
34.688423453
 31
0.000000000
  0
LINE
  5
A6F
330
A02
100
AcDbEntity
  8
ProjItem002
100
AcDbLine
 10
95.361376298
 20
42.986069957
 30
0.000000000
 11
110.440428407
 21
34.280175162
 31
0.000000000
  0
LINE
  5
A70
330
A02
100
AcDbEntity
  8
ProjItem002
100
AcDbLine
 10
95.361376298
 20
43.394318247
 30
0.000000000
 11
110.440428407
 21
34.688423453
 31
0.000000000
  0
LINE
  5
A71
330
A02
100
AcDbEntity
  8
ProjItem002
100
AcDbLine
 10
122.337500000
 20
36.454097309
 30
0.000000000
 11
121.983946609
 21
36.249973164
 31
0.000000000
  0
LINE
  5
A72
330
A02
100
AcDbEntity
  8
ProjItem002
100
AcDbLine
 10
122.337500000
 20
64.010856915
 30
0.000000000
 11
121.983946609
 21
63.806732770
 31
0.000000000
  0
LINE
  5
A73
330
A02
100
AcDbEntity
  8
ProjItem002
100
AcDbLine
 10
122.337500000
 20
36.454097309
 30
0.000000000
 11
122.337500000
 21
64.010856915
 31
0.000000000
  0
LINE
  5
A74
330
A02
100
AcDbEntity
  8
ProjItem002
100
AcDbLine
 10
121.983946609
 20
36.249973164
 30
0.000000000
 11
121.983946609
 21
63.806732770
 31
0.000000000
  0
LINE
  5
A75
330
A02
100
AcDbEntity
  8
ProjItem002
100
AcDbLine
 10
106.551341110
 20
73.125000000
 30
0.000000000
 11
106.197787719
 21
72.920875855
 31
0.000000000
  0
LINE
  5
A76
330
A02
100
AcDbEntity
  8
ProjItem002
100
AcDbLine
 10
122.337500000
 20
64.010856915
 30
0.000000000
 11
106.551341110
 21
73.125000000
 31
0.000000000
  0
LINE
  5
A77
330
A02
100
AcDbEntity
  8
ProjItem002
100
AcDbLine
 10
121.983946609
 20
63.806732770
 30
0.000000000
 11
106.197787719
 21
72.920875855
 31
0.000000000
  0
LINE
  5
A78
330
A02
100
AcDbEntity
  8
ProjItem002
100
AcDbLine
 10
106.551341110
 20
73.125000000
 30
0.000000000
 11
106.197787719
 21
72.920875855
 31
0.000000000
  0
LINE
  5
A79
330
A02
100
AcDbEntity
  8
ProjItem002
100
AcDbLine
 10
122.337500000
 20
64.010856915
 30
0.000000000
 11
110.793981797
 21
57.346203574
 31
0.000000000
  0
LINE
  5
A7A
330
A02
100
AcDbEntity
  8
ProjItem002
100
AcDbLine
 10
122.337500000
 20
64.010856915
 30
0.000000000
 11
106.551341110
 21
73.125000000
 31
0.000000000
  0
LINE
  5
A7B
330
A02
100
AcDbEntity
  8
ProjItem002
100
AcDbLine
 10
121.630393219
 20
64.010856915
 30
0.000000000
 11
106.197787719
 21
72.920875855
 31
0.000000000
  0
LINE
  5
A7C
330
A02
100
AcDbEntity
  8
ProjItem002
100
AcDbLine
 10
121.630393219
 20
64.010856915
 30
0.000000000
 11
110.440428407
 21
57.550327719
 31
0.000000000
  0
LINE
  5
A7D
330
A02
100
AcDbEntity
  8
ProjItem002
100
AcDbLine
 10
110.440428407
 20
57.550327719
 30
0.000000000
 11
110.793981797
 21
57.346203574
 31
0.000000000
  0
LINE
  5
A7E
330
A02
100
AcDbEntity
  8
ProjItem002
100
AcDbLine
 10
122.337500000
 20
36.454097309
 30
0.000000000
 11
110.793981797
 21
29.789443967
 31
0.000000000
  0
LINE
  5
A7F
330
A02
100
AcDbEntity
  8
ProjItem002
100
AcDbLine
 10
110.440428407
 20
29.993568112
 30
0.000000000
 11
110.793981797
 21
29.789443967
 31
0.000000000
  0
LINE
  5
A80
330
A02
100
AcDbEntity
  8
ProjItem002
100
AcDbLine
 10
122.337500000
 20
36.454097309
 30
0.000000000
 11
122.337500000
 21
64.010856915
 31
0.000000000
  0
LINE
  5
A81
330
A02
100
AcDbEntity
  8
ProjItem002
100
AcDbLine
 10
110.793981797
 20
57.346203574
 30
0.000000000
 11
110.793981797
 21
29.789443967
 31
0.000000000
  0
ELLIPSE
  5
A82
330
A02
100
AcDbEntity
  8
ProjItem002
100
AcDbEllipse
 10
116.742517594
 20
35.775384526
 30
0.000000000
 11
-0.625000000
 21
-1.082531755
 31
0.000000000
 40
0.577350269
 41
2.356194490
 42
3.141592654
  0
ELLIPSE
  5
A83
330
A02
100
AcDbEntity
  8
ProjItem002
100
AcDbEllipse
 10
116.742517594
 20
35.775384526
 30
0.000000000
 11
-0.625000000
 21
-1.082531755
 31
0.000000000
 40
0.577350269
 41
3.141592654
 42
0.000000000
  0
ELLIPSE
  5
A84
330
A02
100
AcDbEntity
  8
ProjItem002
100
AcDbEllipse
 10
116.742517594
 20
35.775384526
 30
0.000000000
 11
-0.625000000
 21
-1.082531755
 31
0.000000000
 40
0.577350269
 41
0.000000000
 42
2.356194490
  0
ELLIPSE
  5
A85
330
A02
100
AcDbEntity
  8
ProjItem002
100
AcDbEllipse
 10
116.742517594
 20
40.368177794
 30
0.000000000
 11
-0.625000000
 21
-1.082531755
 31
0.000000000
 40
0.577350269
 41
2.356194490
 42
3.141592654
  0
ELLIPSE
  5
A86
330
A02
100
AcDbEntity
  8
ProjItem002
100
AcDbEllipse
 10
116.742517594
 20
40.368177794
 30
0.000000000
 11
-0.625000000
 21
-1.082531755
 31
0.000000000
 40
0.577350269
 41
3.141592654
 42
0.000000000
  0
ELLIPSE
  5
A87
330
A02
100
AcDbEntity
  8
ProjItem002
100
AcDbEllipse
 10
116.742517594
 20
40.368177794
 30
0.000000000
 11
-0.625000000
 21
-1.082531755
 31
0.000000000
 40
0.577350269
 41
0.000000000
 42
2.356194490
  0
ELLIPSE
  5
A88
330
A02
100
AcDbEntity
  8
ProjItem002
100
AcDbEllipse
 10
116.742517594
 20
53.636247234
 30
0.000000000
 11
-0.625000000
 21
-1.082531755
 31
0.000000000
 40
0.577350269
 41
2.356194490
 42
3.141592654
  0
ELLIPSE
  5
A89
330
A02
100
AcDbEntity
  8
ProjItem002
100
AcDbEllipse
 10
116.742517594
 20
53.636247234
 30
0.000000000
 11
-0.625000000
 21
-1.082531755
 31
0.000000000
 40
0.577350269
 41
3.141592654
 42
0.000000000
  0
ELLIPSE
  5
A8A
330
A02
100
AcDbEntity
  8
ProjItem002
100
AcDbEllipse
 10
116.742517594
 20
53.636247234
 30
0.000000000
 11
-0.625000000
 21
-1.082531755
 31
0.000000000
 40
0.577350269
 41
0.000000000
 42
2.356194490
  0
LINE
  5
A8B
330
A02
100
AcDbEntity
  8
ProjItem002
100
AcDbLine
 10
110.440428407
 20
57.550327719
 30
0.000000000
 11
110.440428407
 21
29.993568112
 31
0.000000000
  0
ELLIPSE
  5
A8C
330
A02
100
AcDbEntity
  8
ProjItem002
100
AcDbEllipse
 10
116.388964203
 20
35.979508671
 30
0.000000000
 11
-0.625000000
 21
-1.082531755
 31
0.000000000
 40
0.577350269
 41
2.356194490
 42
2.854836101
  0
ELLIPSE
  5
A8D
330
A02
100
AcDbEntity
  8
ProjItem002
100
AcDbEllipse
 10
116.388964203
 20
35.979508671
 30
0.000000000
 11
-0.625000000
 21
-1.082531755
 31
0.000000000
 40
0.577350269
 41
0.286756552
 42
2.356194490
  0
ELLIPSE
  5
A8E
330
A02
100
AcDbEntity
  8
ProjItem002
100
AcDbEllipse
 10
116.388964203
 20
40.572301939
 30
0.000000000
 11
-0.625000000
 21
-1.082531755
 31
0.000000000
 40
0.577350269
 41
2.356194490
 42
2.854836101
  0
ELLIPSE
  5
A8F
330
A02
100
AcDbEntity
  8
ProjItem002
100
AcDbEllipse
 10
116.388964203
 20
40.572301939
 30
0.000000000
 11
-0.625000000
 21
-1.082531755
 31
0.000000000
 40
0.577350269
 41
0.286756552
 42
2.356194490
  0
ELLIPSE
  5
A90
330
A02
100
AcDbEntity
  8
ProjItem002
100
AcDbEllipse
 10
116.388964203
 20
53.840371379
 30
0.000000000
 11
-0.625000000
 21
-1.082531755
 31
0.000000000
 40
0.577350269
 41
2.356194490
 42
2.854836101
  0
ELLIPSE
  5
A91
330
A02
100
AcDbEntity
  8
ProjItem002
100
AcDbEllipse
 10
116.388964203
 20
53.840371379
 30
0.000000000
 11
-0.625000000
 21
-1.082531755
 31
0.000000000
 40
0.577350269
 41
0.286756552
 42
2.356194490
  0
LINE
  5
A92
330
A02
100
AcDbEntity
  8
ProjItem002
100
AcDbLine
 10
95.007822907
 20
38.903587052
 30
0.000000000
 11
95.361376298
 21
38.699462907
 31
0.000000000
  0
LINE
  5
A93
330
A02
100
AcDbEntity
  8
ProjItem002
100
AcDbLine
 10
106.197787719
 20
72.920875855
 30
0.000000000
 11
106.551341110
 21
72.716751710
 31
0.000000000
  0
LINE
  5
A94
330
A02
100
AcDbEntity
  8
ProjItem002
100
AcDbLine
 10
106.551341110
 20
54.223104152
 30
0.000000000
 11
106.551341110
 21
59.387445026
 31
0.000000000
  0
LINE
  5
A95
330
A02
100
AcDbEntity
  8
ProjItem002
100
AcDbLine
 10
95.007822907
 20
66.460346658
 30
0.000000000
 11
95.361376298
 21
66.256222513
 31
0.000000000
  0
LINE
  5
A96
330
A02
100
AcDbEntity
  8
ProjItem002
100
AcDbLine
 10
106.197787719
 20
72.920875855
 30
0.000000000
 11
95.007822907
 21
66.460346658
 31
0.000000000
  0
LINE
  5
A97
330
A02
100
AcDbEntity
  8
ProjItem002
100
AcDbLine
 10
106.551341110
 20
72.716751710
 30
0.000000000
 11
95.361376298
 21
66.256222513
 31
0.000000000
  0
LINE
  5
A98
330
A02
100
AcDbEntity
  8
ProjItem002
100
AcDbLine
 10
95.007822907
 20
66.460346658
 30
0.000000000
 11
95.007822907
 21
38.903587052
 31
0.000000000
  0
LINE
  5
A99
330
A02
100
AcDbEntity
  8
ProjItem002
100
AcDbLine
 10
95.361376298
 20
66.256222513
 30
0.000000000
 11
95.361376298
 21
38.699462907
 31
0.000000000
  0
LINE
  5
A9A
330
A02
100
AcDbEntity
  8
ProjItem002
100
AcDbLine
 10
95.361376298
 20
65.847974222
 30
0.000000000
 11
95.361376298
 21
66.256222513
 31
0.000000000
  0
LINE
  5
A9B
330
A02
100
AcDbEntity
  8
ProjItem002
100
AcDbLine
 10
106.551341110
 20
72.716751710
 30
0.000000000
 11
95.361376298
 21
66.256222513
 31
0.000000000
  0
LINE
  5
A9C
330
A02
100
AcDbEntity
  8
ProjItem002
100
AcDbLine
 10
110.440428407
 20
57.142079428
 30
0.000000000
 11
110.440428407
 21
57.550327719
 31
0.000000000
  0
LINE
  5
A9D
330
A02
100
AcDbEntity
  8
ProjItem002
100
AcDbLine
 10
95.361376298
 20
65.847974222
 30
0.000000000
 11
110.440428407
 21
57.142079428
 31
0.000000000
  0
LINE
  5
A9E
330
A02
100
AcDbEntity
  8
ProjItem002
100
AcDbLine
 10
95.361376298
 20
66.256222513
 30
0.000000000
 11
110.440428407
 21
57.550327719
 31
0.000000000
  0
LINE
  5
A9F
330
A02
100
AcDbEntity
  8
ProjItem002
100
AcDbLine
 10
110.440428407
 20
57.550327719
 30
0.000000000
 11
121.630393219
 21
64.010856915
 31
0.000000000
  0
LINE
  5
AA0
330
A02
100
AcDbEntity
  8
ProjItem002
100
AcDbLine
 10
121.630393219
 20
64.010856915
 30
0.000000000
 11
106.551341110
 21
72.716751710
 31
0.000000000
  0
LINE
  5
AA1
330
A02
100
AcDbEntity
  8
ProjItem002
100
AcDbLine
 10
95.361376298
 20
38.699462907
 30
0.000000000
 11
95.361376298
 21
39.107711197
 31
0.000000000
  0
LINE
  5
AA2
330
A02
100
AcDbEntity
  8
ProjItem002
100
AcDbLine
 10
98.720133508
 20
41.046890577
 30
0.000000000
 11
95.361376298
 21
39.107711197
 31
0.000000000
  0
LINE
  5
AA3
330
A02
100
AcDbEntity
  8
ProjItem002
100
AcDbLine
 10
110.440428407
 20
29.993568112
 30
0.000000000
 11
110.440428407
 21
30.401816403
 31
0.000000000
  0
LINE
  5
AA4
330
A02
100
AcDbEntity
  8
ProjItem002
100
AcDbLine
 10
95.361376298
 20
38.699462907
 30
0.000000000
 11
110.440428407
 21
29.993568112
 31
0.000000000
  0
LINE
  5
AA5
330
A02
100
AcDbEntity
  8
ProjItem002
100
AcDbLine
 10
95.361376298
 20
39.107711197
 30
0.000000000
 11
110.440428407
 21
30.401816403
 31
0.000000000
  0
LINE
  5
AA6
330
A02
100
AcDbEntity
  8
ProjItem002
100
AcDbLine
 10
95.361376298
 20
48.742370852
 30
0.000000000
 11
95.361376298
 21
49.150619143
 31
0.000000000
  0
LINE
  5
AA7
330
A02
100
AcDbEntity
  8
ProjItem002
100
AcDbLine
 10
105.349259582
 20
54.917126245
 30
0.000000000
 11
95.361376298
 21
49.150619143
 31
0.000000000
  0
LINE
  5
AA8
330
A02
100
AcDbEntity
  8
ProjItem002
100
AcDbLine
 10
110.440428407
 20
40.036476058
 30
0.000000000
 11
110.440428407
 21
40.444724348
 31
0.000000000
  0
LINE
  5
AA9
330
A02
100
AcDbEntity
  8
ProjItem002
100
AcDbLine
 10
95.361376298
 20
48.742370852
 30
0.000000000
 11
110.440428407
 21
40.036476058
 31
0.000000000
  0
LINE
  5
AAA
330
A02
100
AcDbEntity
  8
ProjItem002
100
AcDbLine
 10
95.361376298
 20
49.150619143
 30
0.000000000
 11
110.440428407
 21
40.444724348
 31
0.000000000
  0
LINE
  5
AAB
330
A02
100
AcDbEntity
  8
ProjItem002
100
AcDbLine
 10
110.440428407
 20
51.977738554
 30
0.000000000
 11
105.349259582
 21
54.917126245
 31
0.000000000
  0
LINE
  5
AAC
330
A02
100
AcDbEntity
  8
ProjItem003
100
AcDbLine
 10
159.662500000
 20
59.619721984
 30
0.000000000
 11
159.662500000
 21
59.119721984
 31
0.000000000
  0
LINE
  5
AAD
330
A02
100
AcDbEntity
  8
ProjItem003
100
AcDbLine
 10
137.337500000
 20
59.619721984
 30
0.000000000
 11
137.337500000
 21
59.119721984
 31
0.000000000
  0
LINE
  5
AAE
330
A02
100
AcDbEntity
  8
ProjItem003
100
AcDbLine
 10
159.662500000
 20
59.619721984
 30
0.000000000
 11
137.337500000
 21
59.619721984
 31
0.000000000
  0
LINE
  5
AAF
330
A02
100
AcDbEntity
  8
ProjItem003
100
AcDbLine
 10
159.662500000
 20
59.119721984
 30
0.000000000
 11
137.337500000
 21
59.119721984
 31
0.000000000
  0
LINE
  5
AB0
330
A02
100
AcDbEntity
  8
ProjItem003
100
AcDbLine
 10
137.337500000
 20
59.619721984
 30
0.000000000
 11
137.337500000
 21
59.119721984
 31
0.000000000
  0
LINE
  5
AB1
330
A02
100
AcDbEntity
  8
ProjItem003
100
AcDbLine
 10
159.662500000
 20
59.619721984
 30
0.000000000
 11
159.662500000
 21
43.294721984
 31
0.000000000
  0
LINE
  5
AB2
330
A02
100
AcDbEntity
  8
ProjItem003
100
AcDbLine
 10
159.662500000
 20
59.619721984
 30
0.000000000
 11
137.337500000
 21
59.619721984
 31
0.000000000
  0
LINE
  5
AB3
330
A02
100
AcDbEntity
  8
ProjItem003
100
AcDbLine
 10
159.162500000
 20
59.119721984
 30
0.000000000
 11
137.337500000
 21
59.119721984
 31
0.000000000
  0
LINE
  5
AB4
330
A02
100
AcDbEntity
  8
ProjItem003
100
AcDbLine
 10
159.162500000
 20
59.119721984
 30
0.000000000
 11
159.162500000
 21
43.294721984
 31
0.000000000
  0
LINE
  5
AB5
330
A02
100
AcDbEntity
  8
ProjItem003
100
AcDbLine
 10
159.162500000
 20
43.294721984
 30
0.000000000
 11
159.662500000
 21
43.294721984
 31
0.000000000
  0
LINE
  5
AB6
330
A02
100
AcDbEntity
  8
ProjItem003
100
AcDbLine
 10
137.337500000
 20
59.119721984
 30
0.000000000
 11
137.837500000
 21
59.119721984
 31
0.000000000
  0
LINE
  5
AB7
330
A02
100
AcDbEntity
  8
ProjItem003
100
AcDbLine
 10
137.337500000
 20
43.294721984
 30
0.000000000
 11
137.837500000
 21
43.294721984
 31
0.000000000
  0
LINE
  5
AB8
330
A02
100
AcDbEntity
  8
ProjItem003
100
AcDbLine
 10
137.337500000
 20
59.119721984
 30
0.000000000
 11
137.337500000
 21
43.294721984
 31
0.000000000
  0
LINE
  5
AB9
330
A02
100
AcDbEntity
  8
ProjItem003
100
AcDbLine
 10
137.837500000
 20
59.119721984
 30
0.000000000
 11
137.837500000
 21
43.294721984
 31
0.000000000
  0
LINE
  5
ABA
330
A02
100
AcDbEntity
  8
ProjItem003
100
AcDbLine
 10
137.837500000
 20
59.119721984
 30
0.000000000
 11
137.837500000
 21
43.294721984
 31
0.000000000
  0
LINE
  5
ABB
330
A02
100
AcDbEntity
  8
ProjItem003
100
AcDbLine
 10
137.837500000
 20
43.294721984
 30
0.000000000
 11
159.162500000
 21
43.294721984
 31
0.000000000
  0
LINE
  5
ABC
330
A02
100
AcDbEntity
  8
ProjItem003
100
AcDbLine
 10
159.162500000
 20
43.294721984
 30
0.000000000
 11
159.162500000
 21
59.119721984
 31
0.000000000
  0
LINE
  5
ABD
330
A02
100
AcDbEntity
  8
ProjItem003
100
AcDbLine
 10
159.162500000
 20
59.119721984
 30
0.000000000
 11
137.837500000
 21
59.119721984
 31
0.000000000
  0
LINE
  5
ABE
330
A02
100
AcDbEntity
  8
ProjItem004
100
AcDbLine
 10
186.559571593
 20
34.280175162
 30
0.000000000
 11
186.559571593
 21
34.688423453
 31
0.000000000
  0
LINE
  5
ABF
330
A02
100
AcDbEntity
  8
ProjItem004
100
AcDbLine
 10
201.638623702
 20
42.986069957
 30
0.000000000
 11
201.638623702
 21
43.394318247
 31
0.000000000
  0
LINE
  5
AC0
330
A02
100
AcDbEntity
  8
ProjItem004
100
AcDbLine
 10
186.559571593
 20
34.280175162
 30
0.000000000
 11
201.638623702
 21
42.986069957
 31
0.000000000
  0
LINE
  5
AC1
330
A02
100
AcDbEntity
  8
ProjItem004
100
AcDbLine
 10
186.559571593
 20
34.688423453
 30
0.000000000
 11
201.638623702
 21
43.394318247
 31
0.000000000
  0
LINE
  5
AC2
330
A02
100
AcDbEntity
  8
ProjItem004
100
AcDbLine
 10
201.638623702
 20
43.394318247
 30
0.000000000
 11
197.007074285
 21
46.068344550
 31
0.000000000
  0
LINE
  5
AC3
330
A02
100
AcDbEntity
  8
ProjItem004
100
AcDbLine
 10
174.662500000
 20
36.454097309
 30
0.000000000
 11
175.016053391
 21
36.249973164
 31
0.000000000
  0
LINE
  5
AC4
330
A02
100
AcDbEntity
  8
ProjItem004
100
AcDbLine
 10
190.448658890
 20
73.125000000
 30
0.000000000
 11
190.802212281
 21
72.920875855
 31
0.000000000
  0
LINE
  5
AC5
330
A02
100
AcDbEntity
  8
ProjItem004
100
AcDbLine
 10
174.662500000
 20
64.010856915
 30
0.000000000
 11
175.016053391
 21
63.806732770
 31
0.000000000
  0
LINE
  5
AC6
330
A02
100
AcDbEntity
  8
ProjItem004
100
AcDbLine
 10
190.448658890
 20
73.125000000
 30
0.000000000
 11
174.662500000
 21
64.010856915
 31
0.000000000
  0
LINE
  5
AC7
330
A02
100
AcDbEntity
  8
ProjItem004
100
AcDbLine
 10
190.802212281
 20
72.920875855
 30
0.000000000
 11
175.016053391
 21
63.806732770
 31
0.000000000
  0
LINE
  5
AC8
330
A02
100
AcDbEntity
  8
ProjItem004
100
AcDbLine
 10
174.662500000
 20
64.010856915
 30
0.000000000
 11
174.662500000
 21
36.454097309
 31
0.000000000
  0
LINE
  5
AC9
330
A02
100
AcDbEntity
  8
ProjItem004
100
AcDbLine
 10
175.016053391
 20
63.806732770
 30
0.000000000
 11
175.016053391
 21
36.249973164
 31
0.000000000
  0
LINE
  5
ACA
330
A02
100
AcDbEntity
  8
ProjItem004
100
AcDbLine
 10
174.662500000
 20
64.010856915
 30
0.000000000
 11
175.016053391
 21
63.806732770
 31
0.000000000
  0
LINE
  5
ACB
330
A02
100
AcDbEntity
  8
ProjItem004
100
AcDbLine
 10
174.662500000
 20
36.454097309
 30
0.000000000
 11
175.016053391
 21
36.249973164
 31
0.000000000
  0
LINE
  5
ACC
330
A02
100
AcDbEntity
  8
ProjItem004
100
AcDbLine
 10
174.662500000
 20
64.010856915
 30
0.000000000
 11
174.662500000
 21
36.454097309
 31
0.000000000
  0
LINE
  5
ACD
330
A02
100
AcDbEntity
  8
ProjItem004
100
AcDbLine
 10
175.016053391
 20
63.806732770
 30
0.000000000
 11
175.016053391
 21
36.249973164
 31
0.000000000
  0
LINE
  5
ACE
330
A02
100
AcDbEntity
  8
ProjItem004
100
AcDbLine
 10
190.448658890
 20
73.125000000
 30
0.000000000
 11
201.992177093
 21
66.460346658
 31
0.000000000
  0
LINE
  5
ACF
330
A02
100
AcDbEntity
  8
ProjItem004
100
AcDbLine
 10
190.448658890
 20
73.125000000
 30
0.000000000
 11
174.662500000
 21
64.010856915
 31
0.000000000
  0
LINE
  5
AD0
330
A02
100
AcDbEntity
  8
ProjItem004
100
AcDbLine
 10
190.448658890
 20
72.716751710
 30
0.000000000
 11
175.016053391
 21
63.806732770
 31
0.000000000
  0
LINE
  5
AD1
330
A02
100
AcDbEntity
  8
ProjItem004
100
AcDbLine
 10
190.448658890
 20
72.716751710
 30
0.000000000
 11
201.638623702
 21
66.256222513
 31
0.000000000
  0
LINE
  5
AD2
330
A02
100
AcDbEntity
  8
ProjItem004
100
AcDbLine
 10
201.638623702
 20
66.256222513
 30
0.000000000
 11
201.992177093
 21
66.460346658
 31
0.000000000
  0
LINE
  5
AD3
330
A02
100
AcDbEntity
  8
ProjItem004
100
AcDbLine
 10
201.638623702
 20
38.699462907
 30
0.000000000
 11
201.992177093
 21
38.903587052
 31
0.000000000
  0
LINE
  5
AD4
330
A02
100
AcDbEntity
  8
ProjItem004
100
AcDbLine
 10
190.448658890
 20
54.223104152
 30
0.000000000
 11
190.448658890
 21
59.387445026
 31
0.000000000
  0
LINE
  5
AD5
330
A02
100
AcDbEntity
  8
ProjItem004
100
AcDbLine
 10
201.992177093
 20
66.460346658
 30
0.000000000
 11
201.992177093
 21
38.903587052
 31
0.000000000
  0
ELLIPSE
  5
AD6
330
A02
100
AcDbEntity
  8
ProjItem004
100
AcDbEllipse
 10
196.043641296
 20
62.750390319
 30
0.000000000
 11
0.625000000
 21
-1.082531755
 31
0.000000000
 40
0.577350269
 41
-1.478742491
 42
-0.286756552
  0
LINE
  5
AD7
330
A02
100
AcDbEntity
  8
ProjItem004
100
AcDbLine
 10
201.638623702
 20
66.256222513
 30
0.000000000
 11
201.638623702
 21
38.699462907
 31
0.000000000
  0
ELLIPSE
  5
AD8
330
A02
100
AcDbEntity
  8
ProjItem004
100
AcDbEllipse
 10
195.690087906
 20
62.546266173
 30
0.000000000
 11
0.625000000
 21
-1.082531755
 31
0.000000000
 40
0.577350269
 41
-0.000000000
 42
-4.804442816
  0
ELLIPSE
  5
AD9
330
A02
100
AcDbEntity
  8
ProjItem004
100
AcDbEllipse
 10
195.690087906
 20
62.546266173
 30
0.000000000
 11
0.625000000
 21
-1.082531755
 31
0.000000000
 40
0.577350269
 41
-1.478742491
 42
-0.000000000
  0
LINE
  5
ADA
330
A02
100
AcDbEntity
  8
ProjItem004
100
AcDbLine
 10
186.206018203
 20
29.789443967
 30
0.000000000
 11
186.559571593
 21
29.993568112
 31
0.000000000
  0
LINE
  5
ADB
330
A02
100
AcDbEntity
  8
ProjItem004
100
AcDbLine
 10
186.206018203
 20
29.789443967
 30
0.000000000
 11
175.016053391
 21
36.249973164
 31
0.000000000
  0
LINE
  5
ADC
330
A02
100
AcDbEntity
  8
ProjItem004
100
AcDbLine
 10
175.016053391
 20
63.806732770
 30
0.000000000
 11
175.369606781
 21
64.010856915
 31
0.000000000
  0
LINE
  5
ADD
330
A02
100
AcDbEntity
  8
ProjItem004
100
AcDbLine
 10
175.016053391
 20
36.249973164
 30
0.000000000
 11
175.016053391
 21
63.806732770
 31
0.000000000
  0
LINE
  5
ADE
330
A02
100
AcDbEntity
  8
ProjItem004
100
AcDbLine
 10
186.206018203
 20
57.346203574
 30
0.000000000
 11
186.559571593
 21
57.550327719
 31
0.000000000
  0
LINE
  5
ADF
330
A02
100
AcDbEntity
  8
ProjItem004
100
AcDbLine
 10
175.016053391
 20
63.806732770
 30
0.000000000
 11
186.206018203
 21
57.346203574
 31
0.000000000
  0
LINE
  5
AE0
330
A02
100
AcDbEntity
  8
ProjItem004
100
AcDbLine
 10
175.369606781
 20
64.010856915
 30
0.000000000
 11
186.559571593
 21
57.550327719
 31
0.000000000
  0
LINE
  5
AE1
330
A02
100
AcDbEntity
  8
ProjItem004
100
AcDbLine
 10
186.206018203
 20
57.346203574
 30
0.000000000
 11
186.206018203
 21
29.789443967
 31
0.000000000
  0
LINE
  5
AE2
330
A02
100
AcDbEntity
  8
ProjItem004
100
AcDbLine
 10
186.559571593
 20
57.550327719
 30
0.000000000
 11
186.559571593
 21
29.993568112
 31
0.000000000
  0
LINE
  5
AE3
330
A02
100
AcDbEntity
  8
ProjItem004
100
AcDbLine
 10
186.559571593
 20
57.142079428
 30
0.000000000
 11
186.559571593
 21
57.550327719
 31
0.000000000
  0
LINE
  5
AE4
330
A02
100
AcDbEntity
  8
ProjItem004
100
AcDbLine
 10
175.369606781
 20
64.010856915
 30
0.000000000
 11
186.559571593
 21
57.550327719
 31
0.000000000
  0
LINE
  5
AE5
330
A02
100
AcDbEntity
  8
ProjItem004
100
AcDbLine
 10
201.638623702
 20
65.847974222
 30
0.000000000
 11
201.638623702
 21
66.256222513
 31
0.000000000
  0
LINE
  5
AE6
330
A02
100
AcDbEntity
  8
ProjItem004
100
AcDbLine
 10
186.559571593
 20
57.142079428
 30
0.000000000
 11
201.638623702
 21
65.847974222
 31
0.000000000
  0
LINE
  5
AE7
330
A02
100
AcDbEntity
  8
ProjItem004
100
AcDbLine
 10
186.559571593
 20
57.550327719
 30
0.000000000
 11
201.638623702
 21
66.256222513
 31
0.000000000
  0
LINE
  5
AE8
330
A02
100
AcDbEntity
  8
ProjItem004
100
AcDbLine
 10
201.638623702
 20
66.256222513
 30
0.000000000
 11
190.448658890
 21
72.716751710
 31
0.000000000
  0
LINE
  5
AE9
330
A02
100
AcDbEntity
  8
ProjItem004
100
AcDbLine
 10
190.448658890
 20
72.716751710
 30
0.000000000
 11
175.369606781
 21
64.010856915
 31
0.000000000
  0
LINE
  5
AEA
330
A02
100
AcDbEntity
  8
ProjItem004
100
AcDbLine
 10
186.559571593
 20
29.993568112
 30
0.000000000
 11
186.559571593
 21
30.401816403
 31
0.000000000
  0
LINE
  5
AEB
330
A02
100
AcDbEntity
  8
ProjItem004
100
AcDbLine
 10
201.638623702
 20
38.699462907
 30
0.000000000
 11
201.638623702
 21
39.107711197
 31
0.000000000
  0
LINE
  5
AEC
330
A02
100
AcDbEntity
  8
ProjItem004
100
AcDbLine
 10
186.559571593
 20
29.993568112
 30
0.000000000
 11
201.638623702
 21
38.699462907
 31
0.000000000
  0
LINE
  5
AED
330
A02
100
AcDbEntity
  8
ProjItem004
100
AcDbLine
 10
186.559571593
 20
30.401816403
 30
0.000000000
 11
201.638623702
 21
39.107711197
 31
0.000000000
  0
LINE
  5
AEE
330
A02
100
AcDbEntity
  8
ProjItem004
100
AcDbLine
 10
201.638623702
 20
39.107711197
 30
0.000000000
 11
198.279866492
 21
41.046890577
 31
0.000000000
  0
LINE
  5
AEF
330
A02
100
AcDbEntity
  8
ProjItem004
100
AcDbLine
 10
186.559571593
 20
40.036476058
 30
0.000000000
 11
186.559571593
 21
40.444724348
 31
0.000000000
  0
LINE
  5
AF0
330
A02
100
AcDbEntity
  8
ProjItem004
100
AcDbLine
 10
201.638623702
 20
48.742370852
 30
0.000000000
 11
201.638623702
 21
49.150619143
 31
0.000000000
  0
LINE
  5
AF1
330
A02
100
AcDbEntity
  8
ProjItem004
100
AcDbLine
 10
186.559571593
 20
40.036476058
 30
0.000000000
 11
201.638623702
 21
48.742370852
 31
0.000000000
  0
LINE
  5
AF2
330
A02
100
AcDbEntity
  8
ProjItem004
100
AcDbLine
 10
186.559571593
 20
40.444724348
 30
0.000000000
 11
201.638623702
 21
49.150619143
 31
0.000000000
  0
LINE
  5
AF3
330
A02
100
AcDbEntity
  8
ProjItem004
100
AcDbLine
 10
201.638623702
 20
49.150619143
 30
0.000000000
 11
191.650740418
 21
54.917126245
 31
0.000000000
  0
LINE
  5
AF4
330
A02
100
AcDbEntity
  8
ProjItem004
100
AcDbLine
 10
191.650740418
 20
54.917126245
 30
0.000000000
 11
186.559571593
 21
51.977738554
 31
0.000000000
  0
LINE
  5
AF5
330
A02
100
AcDbEntity
  8
ProjItem005
100
AcDbLine
 10
180.164838546
 20
88.125000000
 30
0.000000000
 11
180.664838546
 21
88.125000000
 31
0.000000000
  0
LINE
  5
AF6
330
A02
100
AcDbEntity
  8
ProjItem005
100
AcDbLine
 10
180.164838546
 20
121.875000000
 30
0.000000000
 11
180.664838546
 21
121.875000000
 31
0.000000000
  0
LINE
  5
AF7
330
A02
100
AcDbEntity
  8
ProjItem005
100
AcDbLine
 10
180.164838546
 20
121.875000000
 30
0.000000000
 11
180.164838546
 21
88.125000000
 31
0.000000000
  0
LINE
  5
AF8
330
A02
100
AcDbEntity
  8
ProjItem005
100
AcDbLine
 10
180.664838546
 20
121.875000000
 30
0.000000000
 11
180.664838546
 21
88.125000000
 31
0.000000000
  0
LINE
  5
AF9
330
A02
100
AcDbEntity
  8
ProjItem005
100
AcDbLine
 10
180.164838546
 20
121.875000000
 30
0.000000000
 11
180.664838546
 21
121.875000000
 31
0.000000000
  0
LINE
  5
AFA
330
A02
100
AcDbEntity
  8
ProjItem005
100
AcDbLine
 10
180.164838546
 20
88.125000000
 30
0.000000000
 11
180.664838546
 21
88.125000000
 31
0.000000000
  0
LINE
  5
AFB
330
A02
100
AcDbEntity
  8
ProjItem005
100
AcDbLine
 10
180.164838546
 20
121.875000000
 30
0.000000000
 11
180.164838546
 21
88.125000000
 31
0.000000000
  0
LINE
  5
AFC
330
A02
100
AcDbEntity
  8
ProjItem005
100
AcDbLine
 10
180.664838546
 20
121.875000000
 30
0.000000000
 11
180.664838546
 21
88.125000000
 31
0.000000000
  0
LINE
  5
AFD
330
A02
100
AcDbEntity
  8
ProjItem005
100
AcDbLine
 10
196.489838546
 20
88.125000000
 30
0.000000000
 11
180.664838546
 21
88.125000000
 31
0.000000000
  0
LINE
  5
AFE
330
A02
100
AcDbEntity
  8
ProjItem005
100
AcDbLine
 10
180.664838546
 20
88.125000000
 30
0.000000000
 11
180.664838546
 21
121.875000000
 31
0.000000000
  0
LINE
  5
AFF
330
A02
100
AcDbEntity
  8
ProjItem005
100
AcDbLine
 10
180.664838546
 20
121.875000000
 30
0.000000000
 11
196.489838546
 21
121.875000000
 31
0.000000000
  0
LINE
  5
B00
330
A02
100
AcDbEntity
  8
ProjItem005
100
AcDbLine
 10
196.489838546
 20
121.875000000
 30
0.000000000
 11
196.489838546
 21
88.125000000
 31
0.000000000
  0
LINE
  5
B01
330
A02
100
AcDbEntity
  8
ProjItem006
100
AcDbLine
 10
186.559571593
 20
156.736279331
 30
0.000000000
 11
186.559571593
 21
157.144527622
 31
0.000000000
  0
LINE
  5
B02
330
A02
100
AcDbEntity
  8
ProjItem006
100
AcDbLine
 10
201.638623702
 20
148.030384537
 30
0.000000000
 11
201.638623702
 21
148.438632827
 31
0.000000000
  0
LINE
  5
B03
330
A02
100
AcDbEntity
  8
ProjItem006
100
AcDbLine
 10
186.559571593
 20
156.736279331
 30
0.000000000
 11
201.638623702
 21
148.030384537
 31
0.000000000
  0
LINE
  5
B04
330
A02
100
AcDbEntity
  8
ProjItem006
100
AcDbLine
 10
186.559571593
 20
157.144527622
 30
0.000000000
 11
201.638623702
 21
148.438632827
 31
0.000000000
  0
LINE
  5
B05
330
A02
100
AcDbEntity
  8
ProjItem006
100
AcDbLine
 10
201.638623702
 20
148.030384537
 30
0.000000000
 11
198.279866492
 21
146.091205157
 31
0.000000000
  0
LINE
  5
B06
330
A02
100
AcDbEntity
  8
ProjItem006
100
AcDbLine
 10
174.662500000
 20
145.989143085
 30
0.000000000
 11
175.016053391
 21
146.193267230
 31
0.000000000
  0
LINE
  5
B07
330
A02
100
AcDbEntity
  8
ProjItem006
100
AcDbLine
 10
190.448658890
 20
136.875000000
 30
0.000000000
 11
190.802212281
 21
137.079124145
 31
0.000000000
  0
LINE
  5
B08
330
A02
100
AcDbEntity
  8
ProjItem006
100
AcDbLine
 10
174.662500000
 20
145.989143085
 30
0.000000000
 11
190.448658890
 21
136.875000000
 31
0.000000000
  0
LINE
  5
B09
330
A02
100
AcDbEntity
  8
ProjItem006
100
AcDbLine
 10
175.016053391
 20
146.193267230
 30
0.000000000
 11
190.802212281
 21
137.079124145
 31
0.000000000
  0
LINE
  5
B0A
330
A02
100
AcDbEntity
  8
ProjItem006
100
AcDbLine
 10
174.662500000
 20
173.545902691
 30
0.000000000
 11
175.016053391
 21
173.750026836
 31
0.000000000
  0
LINE
  5
B0B
330
A02
100
AcDbEntity
  8
ProjItem006
100
AcDbLine
 10
174.662500000
 20
173.545902691
 30
0.000000000
 11
174.662500000
 21
145.989143085
 31
0.000000000
  0
LINE
  5
B0C
330
A02
100
AcDbEntity
  8
ProjItem006
100
AcDbLine
 10
175.016053391
 20
173.750026836
 30
0.000000000
 11
175.016053391
 21
146.193267230
 31
0.000000000
  0
LINE
  5
B0D
330
A02
100
AcDbEntity
  8
ProjItem006
100
AcDbLine
 10
174.662500000
 20
173.545902691
 30
0.000000000
 11
175.016053391
 21
173.750026836
 31
0.000000000
  0
LINE
  5
B0E
330
A02
100
AcDbEntity
  8
ProjItem006
100
AcDbLine
 10
174.662500000
 20
145.989143085
 30
0.000000000
 11
175.016053391
 21
146.193267230
 31
0.000000000
  0
LINE
  5
B0F
330
A02
100
AcDbEntity
  8
ProjItem006
100
AcDbLine
 10
174.662500000
 20
173.545902691
 30
0.000000000
 11
174.662500000
 21
145.989143085
 31
0.000000000
  0
LINE
  5
B10
330
A02
100
AcDbEntity
  8
ProjItem006
100
AcDbLine
 10
175.016053391
 20
173.750026836
 30
0.000000000
 11
175.016053391
 21
146.193267230
 31
0.000000000
  0
LINE
  5
B11
330
A02
100
AcDbEntity
  8
ProjItem006
100
AcDbLine
 10
201.638623702
 20
171.300537093
 30
0.000000000
 11
201.992177093
 21
171.096412948
 31
0.000000000
  0
LINE
  5
B12
330
A02
100
AcDbEntity
  8
ProjItem006
100
AcDbLine
 10
174.662500000
 20
145.989143085
 30
0.000000000
 11
190.448658890
 21
136.875000000
 31
0.000000000
  0
LINE
  5
B13
330
A02
100
AcDbEntity
  8
ProjItem006
100
AcDbLine
 10
190.448658890
 20
136.875000000
 30
0.000000000
 11
201.992177093
 21
143.539653342
 31
0.000000000
  0
LINE
  5
B14
330
A02
100
AcDbEntity
  8
ProjItem006
100
AcDbLine
 10
201.638623702
 20
143.743777487
 30
0.000000000
 11
201.992177093
 21
143.539653342
 31
0.000000000
  0
LINE
  5
B15
330
A02
100
AcDbEntity
  8
ProjItem006
100
AcDbLine
 10
201.638623702
 20
143.743777487
 30
0.000000000
 11
190.448658890
 21
137.283248290
 31
0.000000000
  0
LINE
  5
B16
330
A02
100
AcDbEntity
  8
ProjItem006
100
AcDbLine
 10
175.016053391
 20
146.193267230
 30
0.000000000
 11
190.448658890
 21
137.283248290
 31
0.000000000
  0
LINE
  5
B17
330
A02
100
AcDbEntity
  8
ProjItem006
100
AcDbLine
 10
190.448658890
 20
160.655462920
 30
0.000000000
 11
190.448658890
 21
164.431759606
 31
0.000000000
  0
LINE
  5
B18
330
A02
100
AcDbEntity
  8
ProjItem006
100
AcDbLine
 10
201.992177093
 20
171.096412948
 30
0.000000000
 11
201.992177093
 21
143.539653342
 31
0.000000000
  0
ELLIPSE
  5
B19
330
A02
100
AcDbEntity
  8
ProjItem006
100
AcDbEllipse
 10
196.043641296
 20
160.517679121
 30
0.000000000
 11
-0.625000000
 21
-1.082531755
 31
0.000000000
 40
0.577350269
 41
-2.854836101
 42
-0.785398163
  0
ELLIPSE
  5
B1A
330
A02
100
AcDbEntity
  8
ProjItem006
100
AcDbEllipse
 10
196.043641296
 20
160.517679121
 30
0.000000000
 11
-0.625000000
 21
-1.082531755
 31
0.000000000
 40
0.577350269
 41
-0.785398163
 42
-0.286756552
  0
LINE
  5
B1B
330
A02
100
AcDbEntity
  8
ProjItem006
100
AcDbLine
 10
201.638623702
 20
171.300537093
 30
0.000000000
 11
201.638623702
 21
143.743777487
 31
0.000000000
  0
ELLIPSE
  5
B1C
330
A02
100
AcDbEntity
  8
ProjItem006
100
AcDbEllipse
 10
195.690087906
 20
160.721803267
 30
0.000000000
 11
-0.625000000
 21
-1.082531755
 31
0.000000000
 40
0.577350269
 41
-3.141592654
 42
-0.785398163
  0
ELLIPSE
  5
B1D
330
A02
100
AcDbEntity
  8
ProjItem006
100
AcDbEllipse
 10
195.690087906
 20
160.721803267
 30
0.000000000
 11
-0.625000000
 21
-1.082531755
 31
0.000000000
 40
0.577350269
 41
-0.000000000
 42
-3.141592654
  0
ELLIPSE
  5
B1E
330
A02
100
AcDbEntity
  8
ProjItem006
100
AcDbEllipse
 10
195.690087906
 20
160.721803267
 30
0.000000000
 11
-0.625000000
 21
-1.082531755
 31
0.000000000
 40
0.577350269
 41
-0.785398163
 42
-0.000000000
  0
LINE
  5
B1F
330
A02
100
AcDbEntity
  8
ProjItem006
100
AcDbLine
 10
186.206018203
 20
152.653796426
 30
0.000000000
 11
186.559571593
 21
152.449672281
 31
0.000000000
  0
LINE
  5
B20
330
A02
100
AcDbEntity
  8
ProjItem006
100
AcDbLine
 10
175.016053391
 20
146.193267230
 30
0.000000000
 11
175.369606781
 21
145.989143085
 31
0.000000000
  0
LINE
  5
B21
330
A02
100
AcDbEntity
  8
ProjItem006
100
AcDbLine
 10
186.206018203
 20
152.653796426
 30
0.000000000
 11
175.016053391
 21
146.193267230
 31
0.000000000
  0
LINE
  5
B22
330
A02
100
AcDbEntity
  8
ProjItem006
100
AcDbLine
 10
186.559571593
 20
152.449672281
 30
0.000000000
 11
175.369606781
 21
145.989143085
 31
0.000000000
  0
LINE
  5
B23
330
A02
100
AcDbEntity
  8
ProjItem006
100
AcDbLine
 10
175.016053391
 20
146.193267230
 30
0.000000000
 11
175.016053391
 21
173.750026836
 31
0.000000000
  0
LINE
  5
B24
330
A02
100
AcDbEntity
  8
ProjItem006
100
AcDbLine
 10
186.206018203
 20
180.210556033
 30
0.000000000
 11
186.559571593
 21
180.006431888
 31
0.000000000
  0
LINE
  5
B25
330
A02
100
AcDbEntity
  8
ProjItem006
100
AcDbLine
 10
175.016053391
 20
173.750026836
 30
0.000000000
 11
186.206018203
 21
180.210556033
 31
0.000000000
  0
LINE
  5
B26
330
A02
100
AcDbEntity
  8
ProjItem006
100
AcDbLine
 10
186.206018203
 20
180.210556033
 30
0.000000000
 11
186.206018203
 21
152.653796426
 31
0.000000000
  0
LINE
  5
B27
330
A02
100
AcDbEntity
  8
ProjItem006
100
AcDbLine
 10
186.559571593
 20
180.006431888
 30
0.000000000
 11
186.559571593
 21
152.449672281
 31
0.000000000
  0
LINE
  5
B28
330
A02
100
AcDbEntity
  8
ProjItem006
100
AcDbLine
 10
186.559571593
 20
179.598183597
 30
0.000000000
 11
186.559571593
 21
180.006431888
 31
0.000000000
  0
LINE
  5
B29
330
A02
100
AcDbEntity
  8
ProjItem006
100
AcDbLine
 10
201.638623702
 20
170.892288803
 30
0.000000000
 11
201.638623702
 21
171.300537093
 31
0.000000000
  0
LINE
  5
B2A
330
A02
100
AcDbEntity
  8
ProjItem006
100
AcDbLine
 10
186.559571593
 20
179.598183597
 30
0.000000000
 11
201.638623702
 21
170.892288803
 31
0.000000000
  0
LINE
  5
B2B
330
A02
100
AcDbEntity
  8
ProjItem006
100
AcDbLine
 10
186.559571593
 20
180.006431888
 30
0.000000000
 11
201.638623702
 21
171.300537093
 31
0.000000000
  0
LINE
  5
B2C
330
A02
100
AcDbEntity
  8
ProjItem006
100
AcDbLine
 10
201.638623702
 20
170.892288803
 30
0.000000000
 11
190.448658890
 21
164.431759606
 31
0.000000000
  0
LINE
  5
B2D
330
A02
100
AcDbEntity
  8
ProjItem006
100
AcDbLine
 10
190.448658890
 20
164.431759606
 30
0.000000000
 11
186.559571593
 21
166.677125204
 31
0.000000000
  0
LINE
  5
B2E
330
A02
100
AcDbEntity
  8
ProjItem006
100
AcDbLine
 10
186.559571593
 20
152.449672281
 30
0.000000000
 11
186.559571593
 21
152.857920572
 31
0.000000000
  0
LINE
  5
B2F
330
A02
100
AcDbEntity
  8
ProjItem006
100
AcDbLine
 10
175.369606781
 20
145.989143085
 30
0.000000000
 11
186.559571593
 21
152.449672281
 31
0.000000000
  0
LINE
  5
B30
330
A02
100
AcDbEntity
  8
ProjItem006
100
AcDbLine
 10
201.638623702
 20
143.743777487
 30
0.000000000
 11
201.638623702
 21
144.152025778
 31
0.000000000
  0
LINE
  5
B31
330
A02
100
AcDbEntity
  8
ProjItem006
100
AcDbLine
 10
186.559571593
 20
152.449672281
 30
0.000000000
 11
201.638623702
 21
143.743777487
 31
0.000000000
  0
LINE
  5
B32
330
A02
100
AcDbEntity
  8
ProjItem006
100
AcDbLine
 10
186.559571593
 20
152.857920572
 30
0.000000000
 11
201.638623702
 21
144.152025778
 31
0.000000000
  0
LINE
  5
B33
330
A02
100
AcDbEntity
  8
ProjItem006
100
AcDbLine
 10
201.638623702
 20
143.743777487
 30
0.000000000
 11
190.448658890
 21
137.283248290
 31
0.000000000
  0
LINE
  5
B34
330
A02
100
AcDbEntity
  8
ProjItem006
100
AcDbLine
 10
190.448658890
 20
137.283248290
 30
0.000000000
 11
175.369606781
 21
145.989143085
 31
0.000000000
  0
LINE
  5
B35
330
A02
100
AcDbEntity
  8
ProjItem006
100
AcDbLine
 10
186.559571593
 20
162.492580227
 30
0.000000000
 11
186.559571593
 21
162.900828517
 31
0.000000000
  0
LINE
  5
B36
330
A02
100
AcDbEntity
  8
ProjItem006
100
AcDbLine
 10
201.638623702
 20
153.786685432
 30
0.000000000
 11
201.638623702
 21
154.194933723
 31
0.000000000
  0
LINE
  5
B37
330
A02
100
AcDbEntity
  8
ProjItem006
100
AcDbLine
 10
186.559571593
 20
162.492580227
 30
0.000000000
 11
201.638623702
 21
153.786685432
 31
0.000000000
  0
LINE
  5
B38
330
A02
100
AcDbEntity
  8
ProjItem006
100
AcDbLine
 10
186.559571593
 20
162.900828517
 30
0.000000000
 11
201.638623702
 21
154.194933723
 31
0.000000000
  0
LINE
  5
B39
330
A02
100
AcDbEntity
  8
ProjItem006
100
AcDbLine
 10
201.638623702
 20
153.786685432
 30
0.000000000
 11
197.007074285
 21
151.112659130
 31
0.000000000
  0
LINE
  5
B3A
330
A02
100
AcDbEntity
  8
ProjItem007
100
AcDbLine
 10
137.337500000
 20
150.380278016
 30
0.000000000
 11
137.337500000
 21
150.880278016
 31
0.000000000
  0
LINE
  5
B3B
330
A02
100
AcDbEntity
  8
ProjItem007
100
AcDbLine
 10
159.662500000
 20
150.380278016
 30
0.000000000
 11
159.662500000
 21
150.880278016
 31
0.000000000
  0
LINE
  5
B3C
330
A02
100
AcDbEntity
  8
ProjItem007
100
AcDbLine
 10
137.337500000
 20
150.380278016
 30
0.000000000
 11
159.662500000
 21
150.380278016
 31
0.000000000
  0
LINE
  5
B3D
330
A02
100
AcDbEntity
  8
ProjItem007
100
AcDbLine
 10
137.337500000
 20
150.880278016
 30
0.000000000
 11
159.662500000
 21
150.880278016
 31
0.000000000
  0
LINE
  5
B3E
330
A02
100
AcDbEntity
  8
ProjItem007
100
AcDbLine
 10
137.337500000
 20
150.380278016
 30
0.000000000
 11
137.337500000
 21
150.880278016
 31
0.000000000
  0
LINE
  5
B3F
330
A02
100
AcDbEntity
  8
ProjItem007
100
AcDbLine
 10
137.337500000
 20
150.380278016
 30
0.000000000
 11
159.662500000
 21
150.380278016
 31
0.000000000
  0
LINE
  5
B40
330
A02
100
AcDbEntity
  8
ProjItem007
100
AcDbLine
 10
159.662500000
 20
150.380278016
 30
0.000000000
 11
159.662500000
 21
166.705278016
 31
0.000000000
  0
LINE
  5
B41
330
A02
100
AcDbEntity
  8
ProjItem007
100
AcDbLine
 10
159.162500000
 20
166.705278016
 30
0.000000000
 11
159.662500000
 21
166.705278016
 31
0.000000000
  0
LINE
  5
B42
330
A02
100
AcDbEntity
  8
ProjItem007
100
AcDbLine
 10
159.162500000
 20
166.705278016
 30
0.000000000
 11
159.162500000
 21
150.880278016
 31
0.000000000
  0
LINE
  5
B43
330
A02
100
AcDbEntity
  8
ProjItem007
100
AcDbLine
 10
137.337500000
 20
150.880278016
 30
0.000000000
 11
159.162500000
 21
150.880278016
 31
0.000000000
  0
LINE
  5
B44
330
A02
100
AcDbEntity
  8
ProjItem007
100
AcDbLine
 10
137.337500000
 20
166.705278016
 30
0.000000000
 11
137.837500000
 21
166.705278016
 31
0.000000000
  0
LINE
  5
B45
330
A02
100
AcDbEntity
  8
ProjItem007
100
AcDbLine
 10
137.337500000
 20
150.880278016
 30
0.000000000
 11
137.837500000
 21
150.880278016
 31
0.000000000
  0
LINE
  5
B46
330
A02
100
AcDbEntity
  8
ProjItem007
100
AcDbLine
 10
137.337500000
 20
166.705278016
 30
0.000000000
 11
137.337500000
 21
150.880278016
 31
0.000000000
  0
LINE
  5
B47
330
A02
100
AcDbEntity
  8
ProjItem007
100
AcDbLine
 10
137.837500000
 20
166.705278016
 30
0.000000000
 11
137.837500000
 21
150.880278016
 31
0.000000000
  0
LINE
  5
B48
330
A02
100
AcDbEntity
  8
ProjItem007
100
AcDbLine
 10
137.837500000
 20
150.880278016
 30
0.000000000
 11
137.837500000
 21
166.705278016
 31
0.000000000
  0
LINE
  5
B49
330
A02
100
AcDbEntity
  8
ProjItem007
100
AcDbLine
 10
137.837500000
 20
166.705278016
 30
0.000000000
 11
159.162500000
 21
166.705278016
 31
0.000000000
  0
LINE
  5
B4A
330
A02
100
AcDbEntity
  8
ProjItem007
100
AcDbLine
 10
159.162500000
 20
166.705278016
 30
0.000000000
 11
159.162500000
 21
150.880278016
 31
0.000000000
  0
LINE
  5
B4B
330
A02
100
AcDbEntity
  8
ProjItem007
100
AcDbLine
 10
159.162500000
 20
150.880278016
 30
0.000000000
 11
137.837500000
 21
150.880278016
 31
0.000000000
  0
LINE
  5
B4C
330
A02
100
AcDbEntity
  8
ProjItem008
100
AcDbLine
 10
239.317177093
 20
88.125000000
 30
0.000000000
 11
216.992177093
 21
88.125000000
 31
0.000000000
  0
LINE
  5
B4D
330
A02
100
AcDbEntity
  8
ProjItem008
100
AcDbLine
 10
216.992177093
 20
88.125000000
 30
0.000000000
 11
216.992177093
 21
121.875000000
 31
0.000000000
  0
LINE
  5
B4E
330
A02
100
AcDbEntity
  8
ProjItem008
100
AcDbLine
 10
216.992177093
 20
121.875000000
 30
0.000000000
 11
239.317177093
 21
121.875000000
 31
0.000000000
  0
LINE
  5
B4F
330
A02
100
AcDbEntity
  8
ProjItem008
100
AcDbLine
 10
239.317177093
 20
121.875000000
 30
0.000000000
 11
239.317177093
 21
88.125000000
 31
0.000000000
  0
LINE
  5
B50
330
A02
100
AcDbEntity
  8
ProjItem008
100
AcDbLine
 10
239.317177093
 20
121.875000000
 30
0.000000000
 11
239.317177093
 21
88.125000000
 31
0.000000000
  0
LINE
  5
B51
330
A02
100
AcDbEntity
  8
ProjItem008
100
AcDbLine
 10
216.992177093
 20
121.875000000
 30
0.000000000
 11
239.317177093
 21
121.875000000
 31
0.000000000
  0
LINE
  5
B52
330
A02
100
AcDbEntity
  8
ProjItem008
100
AcDbLine
 10
239.317177093
 20
88.125000000
 30
0.000000000
 11
216.992177093
 21
88.125000000
 31
0.000000000
  0
LINE
  5
B53
330
A02
100
AcDbEntity
  8
ProjItem008
100
AcDbLine
 10
216.992177093
 20
88.125000000
 30
0.000000000
 11
216.992177093
 21
121.875000000
 31
0.000000000
  0
ENDSEC
  0
SECTION
  2
OBJECTS
  0
DICTIONARY
  5
F000
330
0
100
AcDbDictionary
  3
ACAD_GROUP
350
F001
  0
DICTIONARY
  5
F001
330
F000
100
AcDbDictionary
  0
ENDSEC
  0
EOF